Probabilities:
T: 0.058823529411764705
e: 0.058823529411764705
x: 0.058823529411764705
t: 0.058823529411764705
o: 0.11764705882352941
 : 0.11764705882352941
a: 0.058823529411764705
c: 0.058823529411764705
m: 0.11764705882352941
p: 0.058823529411764705
r: 0.11764705882352941
i: 0.11764705882352941
Encoded Value:
0.0039066063598127265
Length:
17